5.016849816849816564e-06
-2.578754578754578841e-06
1.359706959706959556e-06
-2.391208791208791389e-06
-5.204395604395604439e-06
-7.454945054945054710e-06
-8.298901098901098879e-06
-6.892307692307692778e-06
-3.704029304029303976e-06
-9.846153846153846523e-07
2.203663003663003090e-06
2.016117216117216062e-06
1.641025641025640946e-06
-2.672527472527472779e-06
-7.970695970695972003e-07
1.359706959706959556e-06
2.860073260073259384e-06
-2.203663003663003937e-06
5.157509157509155988e-07
5.860805860805859886e-06
-1.734798534798534672e-06
-3.047619047619047683e-06
2.860073260073259384e-06
7.830036630036629614e-06
2.953846153846153322e-06
-9.846153846153846523e-07
-1.922344322344322547e-06
-6.704761904761904902e-06
-7.548717948717948224e-06
-4.829304029304029535e-06
-1.261245421245421070e-05
-9.236630036630037410e-06
-1.233113553113553185e-05
-8.298901098901098879e-06
-1.636336996336995974e-05
-2.114578754578754421e-05
-2.367765567765567756e-05
-2.123956043956043942e-05
-2.020805860805860568e-05
-2.377142857142857277e-05
-2.611575091575091571e-05
-2.564688644688644645e-05
-2.611575091575091571e-05
-2.667838827838827680e-05
-2.283369963369963424e-05
-2.245860805860805680e-05
-2.152087912087912166e-05
-1.664468864468864536e-05
-1.608205128205128089e-05
-1.139340659340659332e-05
-1.158095238095238035e-05
-1.542564102564102460e-05
-1.523809523809523757e-05
-1.448791208791208776e-05
-1.664468864468864536e-05
-1.711355311355311124e-05
-1.279999999999999942e-05
-9.049084249084248687e-06
-6.142124542124542123e-06
-9.049084249084248687e-06
-7.548717948717948224e-06
-8.580219780219779422e-06
-5.485714285714285829e-06
-2.672527472527472779e-06
-1.922344322344322547e-06
-5.767032967032966372e-06
-5.954578754578754247e-06
-4.360439560439561117e-06
-5.110622710622710925e-06
-5.954578754578754247e-06
-3.797802197802197914e-06
-7.032967032967034743e-07
-3.797802197802197914e-06
-5.016849816849816564e-06
-2.953846153846153745e-06
-1.547252747252747432e-06
-1.453479853479853494e-06
-3.235164835164835135e-06
-6.095238095238096424e-07
-4.360439560439561117e-06
-3.610256410256410039e-06
-2.484981684981684903e-06
-3.282051282051283586e-07
-8.908424908424909263e-07
-1.359706959706959768e-06
-8.861538461538461659e-06
-1.045567765567765479e-05
-7.173626373626373320e-06
-6.142124542124542123e-06
-5.298168498168497954e-06
-5.298168498168497954e-06
-6.048351648351647761e-06
-1.172161172161172316e-06
3.610256410256409615e-06
2.953846153846153322e-06
-7.830036630036629614e-06
-2.658461538461538498e-05
-1.439413919413919424e-05
-4.918388278388278459e-05
-6.381245421245420669e-05
-6.399999999999999710e-05
-6.390622710622710190e-05
-6.296849816849816337e-05
-6.137435897435897193e-05
-5.949890109890109487e-05
-5.631062271062270522e-05
-5.068424908424908081e-05
-4.899633699633700095e-05
-3.605567765567765194e-05
-3.633699633699633078e-05
-2.583443223443223347e-05
-1.758241758241758389e-05
-5.579487179487179343e-06
-3.516483516483516101e-06
9.142857142857142201e-06
1.636336996336995974e-05
2.536556776556776421e-05
3.117948717948717564e-05
3.192967032967033053e-05
2.930402930402930197e-05
3.155457875457875648e-05
3.361758241758241718e-05
3.849377289377289347e-05
3.736849816849817130e-05
3.586813186813186830e-05
3.549304029304029424e-05
3.652454212454212120e-05
3.361758241758241718e-05